wflName nbPart c CM m TM ModelTM
depl-77yTz2-2.xml 50000000 1200 14499 12224 26723 23935
depl-77yTz2-2.xml 50000000 1500 14132 8893 23025 20871
depl-77yTz2-2.xml 50000000 1800 14151 6987 21138 18966
depl-77yTz2-2.xml 50000000 2100 14089 4139 18228 16261
depl-77yTz2-2.xml 50000000 2400 14225 2909 17134 15276
depl-77yTz2-2.xml 50000000 2700 14412 1825 16237 14342
depl-77yTz2-2.xml 50000000 3600 14641 894 15535 14137
depl-77yTz2-2.xml 50000000 4500 15175 1127 16302 16354
depl-77yTz2-2.xml 50000000 5400 16468 1299 17767 16501
depl-77yTz2-2.xml 50000000 6300 15734 527 16261 16731
depl-77yTz2-2.xml 50000000 7200 16271 704 16975 17348
depl-77yTz2-2.xml 50000000 9000 18361 878 19239 17715
depl-77yTz2-2.xml 50000000 10800 21699 625 22324 18931
depl-77yTz2-3.xml 50000000 1200 14127 9663 23790 21173
depl-77yTz2-3.xml 50000000 1500 13771 6775 20546 18536
depl-77yTz2-3.xml 50000000 1800 13748 4091 17839 15879
depl-77yTz2-3.xml 50000000 2100 13806 2567 16373 14483
depl-77yTz2-3.xml 50000000 2400 13819 677 14496 12784
depl-77yTz2-3.xml 50000000 2700 14156 1650 15806 13888
depl-77yTz2-3.xml 50000000 3600 14343 174 14517 13119
depl-77yTz2-3.xml 50000000 4500 15051 772 15823 15737
depl-77yTz2-3.xml 50000000 5400 16408 1067 17475 16136
depl-77yTz2-3.xml 50000000 6300 15540 141 15681 16143
depl-77yTz2-3.xml 50000000 7200 16168 351 16519 16776
depl-77yTz2-3.xml 50000000 9000 18291 713 19004 17395
depl-77yTz2-3.xml 50000000 10800 17014 152 17166 18340
depl-77yTz2-4.xml 50000000 1200 14371 11373 25744 22963
depl-77yTz2-4.xml 50000000 1500 14055 8214 22269 20068
depl-77yTz2-4.xml 50000000 1800 14178 3987 18165 15453
depl-77yTz2-4.xml 50000000 2100 14016 3529 17545 15515
depl-77yTz2-4.xml 50000000 2400 14074 2894 16968 15112
depl-77yTz2-4.xml 50000000 2700 14319 1809 16128 14159
depl-77yTz2-4.xml 50000000 3600 14581 987 15568 14019
depl-77yTz2-4.xml 50000000 4500 15124 788 15912 15916
depl-77yTz2-4.xml 50000000 5400 16444 1233 17677 16396
depl-77yTz2-4.xml 50000000 6300 15719 499 16218 16667
depl-77yTz2-4.xml 50000000 7200 16199 625 16824 17113
depl-77yTz2-4.xml 50000000 9000 18314 1020 19334 17791
depl-77yTz2-4.xml 50000000 10800 21678 157 21835 18433
depl-77yTz2-6.xml 50000000 1200 14482 12288 26770 23906
depl-77yTz2-6.xml 50000000 1500 14142 8632 22774 20517
depl-77yTz2-6.xml 50000000 1800 14051 5658 19709 17548
depl-77yTz2-6.xml 50000000 2100 14113 3717 17830 15736
depl-77yTz2-6.xml 50000000 2400 14186 2935 17121 15209
depl-77yTz2-6.xml 50000000 2700 14376 3101 17477 15500
depl-77yTz2-6.xml 50000000 3600 14630 847 15477 13928
depl-77yTz2-6.xml 50000000 4500 15166 1578 16744 16750
depl-77yTz2-6.xml 50000000 5400 16464 1342 17806 16522
depl-77yTz2-6.xml 50000000 6300 15739 537 16276 16746
depl-77yTz2-6.xml 50000000 7200 16229 445 16674 16980
depl-77yTz2-6.xml 50000000 9000 18342 1006 19348 17806
depl-77yTz2-6.xml 50000000 10800 21699 598 22297 18909
depl-77yTz2-7.xml 50000000 1200 14901 12111 27012 24129
depl-77yTz2-7.xml 50000000 1500 14459 8275 22734 20447
depl-77yTz2-7.xml 50000000 2100 14574 3402 17976 15849
depl-77yTz2-7.xml 50000000 2400 14729 2430 17159 15002
depl-77yTz2-7.xml 50000000 2700 14668 1613 16281 14402
depl-77yTz2-7.xml 50000000 3600 14817 787 15604 14219
depl-77yTz2-7.xml 50000000 4500 15444 489 15933 16155
depl-77yTz2-7.xml 50000000 5400 16591 1023 17614 16580
depl-77yTz2-7.xml 50000000 6300 15892 398 16290 16951
depl-77yTz2-7.xml 50000000 7200 16542 238 16780 17382
depl-77yTz2-7.xml 50000000 9000 18478 674 19152 18161
depl-77yTz2-7.xml 50000000 10800 21758 891 22649 19475
depl-azRwjW-1.xml 50000000 1200 13999 12742 26741 24079
depl-azRwjW-1.xml 50000000 1500 13524 8403 21927 19910
depl-azRwjW-1.xml 50000000 2100 13332 3828 17160 15311
depl-azRwjW-1.xml 50000000 2400 13630 1380 15010 13444
depl-azRwjW-1.xml 50000000 2700 13855 2185 16040 14171
depl-azRwjW-1.xml 50000000 3600 14632 1840 16472 15051
depl-azRwjW-1.xml 50000000 4500 14525 1370 15895 15837
depl-azRwjW-1.xml 50000000 5400 16408 1027 17435 15776
depl-azRwjW-1.xml 50000000 6300 14617 457 15074 16067
depl-azRwjW-1.xml 50000000 7200 15557 1365 16922 17495
depl-azRwjW-1.xml 50000000 9000 18351 1464 19815 17288
depl-azRwjW-1.xml 50000000 10800 21733 629 22362 18116
depl-azRwjW-2.xml 50000000 1200 14542 12539 27081 24068
depl-azRwjW-2.xml 50000000 1500 14164 8155 22319 19964
depl-azRwjW-2.xml 50000000 1800 14045 5607 19652 17378
depl-azRwjW-2.xml 50000000 2100 13999 3779 17778 15793
depl-azRwjW-2.xml 50000000 2400 14296 2689 16985 14884
depl-azRwjW-2.xml 50000000 2700 14092 2033 16125 14092
depl-azRwjW-2.xml 50000000 3600 14841 1827 16668 15341
depl-azRwjW-2.xml 50000000 4500 15085 979 16064 16238
depl-azRwjW-2.xml 50000000 5400 16533 1512 18045 16621
depl-azRwjW-2.xml 50000000 6300 14740 455 15195 16437
depl-azRwjW-2.xml 50000000 7200 16021 784 16805 17579
depl-azRwjW-2.xml 50000000 9000 18410 1473 19883 17644
depl-azRwjW-2.xml 50000000 10800 21772 1464 23236 19255
depl-azRwjW-3.xml 50000000 1200 13824 11394 25218 22597
depl-azRwjW-3.xml 50000000 1500 13353 7789 21142 19137
depl-azRwjW-3.xml 50000000 2100 13229 3125 16354 14494
depl-azRwjW-3.xml 50000000 2400 13448 1180 14628 13101
depl-azRwjW-3.xml 50000000 2700 13786 1265 15051 13141
depl-azRwjW-3.xml 50000000 3600 14667 1328 15995 14218
depl-azRwjW-3.xml 50000000 4500 14480 1397 15877 15816
depl-azRwjW-3.xml 50000000 5400 16377 861 17238 15580
depl-azRwjW-3.xml 50000000 6300 14574 400 14974 15941
depl-azRwjW-3.xml 50000000 7200 15583 1222 16805 17374
depl-azRwjW-3.xml 50000000 9000 18332 1302 19634 17113
depl-azRwjW-3.xml 50000000 10800 21718 1071 22789 18529
depl-azRwjW-4.xml 50000000 1200 13953 10624 24577 21821
depl-azRwjW-4.xml 50000000 1500 13523 7658 21181 19072
depl-azRwjW-4.xml 50000000 1800 13452 3981 17433 15272
depl-azRwjW-4.xml 50000000 2100 13349 2854 16203 14274
depl-azRwjW-4.xml 50000000 2400 13701 906 14607 12840
depl-azRwjW-4.xml 50000000 2700 13878 1606 15484 13474
depl-azRwjW-4.xml 50000000 3600 14668 1395 16063 14461
depl-azRwjW-4.xml 50000000 4500 14554 1255 15809 15904
depl-azRwjW-4.xml 50000000 5400 16413 1394 17807 16236
depl-azRwjW-4.xml 50000000 6300 14611 411 15022 16048
depl-azRwjW-4.xml 50000000 7200 15689 1121 16810 17411
depl-azRwjW-4.xml 50000000 9000 18357 1183 19540 17080
depl-azRwjW-4.xml 50000000 10800 21739 845 22584 18387
depl-azRwjW-5.xml 50000000 1200 13398 12342 25740 22952
depl-azRwjW-5.xml 50000000 1500 12953 8905 21858 19715
depl-azRwjW-5.xml 50000000 1800 13137 5342 18479 16232
depl-azRwjW-5.xml 50000000 2100 13024 3825 16849 14789
depl-azRwjW-5.xml 50000000 2400 12977 2848 15825 14051
depl-azRwjW-5.xml 50000000 2700 13087 525 13612 11946
depl-azRwjW-5.xml 50000000 3600 13402 166 13568 12847
depl-azRwjW-5.xml 50000000 4500 14166 1898 16064 15691
depl-azRwjW-5.xml 50000000 5400 13951 112 14063 14578
depl-azRwjW-5.xml 50000000 6300 14415 687 15102 15887
depl-azRwjW-5.xml 50000000 7200 15417 1389 16806 16942
depl-azRwjW-5.xml 50000000 9000 18310 1799 20109 17413
depl-azRwjW-5.xml 50000000 10800 14005 120 14125 17340
depl-nakbK9-1.xml 50000000 1200 17538 9749 27287 24642
depl-nakbK9-1.xml 50000000 1500 17275 6228 23503 21294
depl-nakbK9-1.xml 50000000 1800 17280 3646 20926 18843
depl-nakbK9-1.xml 50000000 2100 17503 2285 19788 17571
depl-nakbK9-1.xml 50000000 2400 17485 1620 19105 17070
depl-nakbK9-1.xml 50000000 2700 17657 1146 18803 16798
depl-nakbK9-1.xml 50000000 3600 18163 313 18476 16644
depl-nakbK9-1.xml 50000000 4500 18641 1127 19768 19613
depl-nakbK9-1.xml 50000000 5400 18886 109 18995 19219
depl-nakbK9-1.xml 50000000 6300 19301 163 19464 19100
depl-nakbK9-1.xml 50000000 7200 19800 183 19983 20135
depl-nakbK9-1.xml 50000000 9000 21156 70 21226 21229
depl-nakbK9-1.xml 50000000 10800 22731 187 22918 21748
depl-nakbK9-2.xml 50000000 1200 16874 9608 26482 24003
depl-nakbK9-2.xml 50000000 1500 16710 6192 22902 20865
depl-nakbK9-2.xml 50000000 1800 16650 3744 20394 18487
depl-nakbK9-2.xml 50000000 2100 16787 2163 18950 17005
depl-nakbK9-2.xml 50000000 2400 16989 1563 18552 16646
depl-nakbK9-2.xml 50000000 2700 16794 871 17665 15969
depl-nakbK9-2.xml 50000000 3600 17058 152 17210 15989
depl-nakbK9-2.xml 50000000 4500 18272 704 18976 18569
depl-nakbK9-2.xml 50000000 5400 17965 487 18452 18692
depl-nakbK9-2.xml 50000000 6300 18531 195 18726 18675
depl-nakbK9-2.xml 50000000 7200 19303 160 19463 19651
depl-nakbK9-2.xml 50000000 9000 20458 185 20643 20633
depl-nakbK9-2.xml 50000000 10800 22073 299 22372 20804
depl-nakbK9-4.xml 50000000 1500 16090 5615 21705 19881
depl-nakbK9-4.xml 50000000 1800 16172 3514 19686 17893
depl-nakbK9-4.xml 50000000 2100 16207 2410 18617 16901
depl-nakbK9-4.xml 50000000 2400 16480 1326 17806 16022
depl-nakbK9-4.xml 50000000 2700 16399 2807 19206 17612
depl-nakbK9-4.xml 50000000 3600 16580 371 16951 15845
depl-nakbK9-4.xml 50000000 4500 17983 738 18721 18209
depl-nakbK9-4.xml 50000000 5400 17610 220 17830 17874
depl-nakbK9-4.xml 50000000 6300 18223 97 18320 18213
depl-nakbK9-4.xml 50000000 7200 18967 298 19265 19355
depl-nakbK9-4.xml 50000000 9000 20072 148 20220 20074
depl-nakbK9-4.xml 50000000 10800 21865 163 22028 20064
depl-nakbK9-5.xml 50000000 1500 17726 8002 25728 23391
depl-nakbK9-5.xml 50000000 2100 17883 2954 20837 18543
depl-nakbK9-5.xml 50000000 2400 17799 1786 19585 17544
depl-nakbK9-5.xml 50000000 2700 18018 1275 19293 17219
depl-nakbK9-5.xml 50000000 3600 18498 1201 19699 17855
depl-nakbK9-5.xml 50000000 4500 18886 1055 19941 19869
depl-nakbK9-5.xml 50000000 5400 19364 151 19515 19551
depl-nakbK9-5.xml 50000000 6300 19663 363 20026 19761
depl-nakbK9-5.xml 50000000 7200 20032 144 20176 20323
depl-nakbK9-5.xml 50000000 9000 21582 207 21789 21725
depl-nakbK9-5.xml 50000000 10800 22972 511 23483 22515
depl-nakbK9-6.xml 50000000 1200 16829 10780 27609 24958
depl-nakbK9-6.xml 50000000 1500 16541 7178 23719 21606
depl-nakbK9-6.xml 50000000 1800 16550 4500 21050 19011
depl-nakbK9-6.xml 50000000 2100 16524 2773 19297 17363
depl-nakbK9-6.xml 50000000 2400 16838 1943 18781 16766
depl-nakbK9-6.xml 50000000 2700 16703 1172 17875 16088
depl-nakbK9-6.xml 50000000 3600 16796 581 17377 16213
depl-nakbK9-6.xml 50000000 4500 18187 1078 19265 18822
depl-nakbK9-6.xml 50000000 5400 17888 580 18468 18541
depl-nakbK9-6.xml 50000000 6300 18434 334 18768 18713
depl-nakbK9-6.xml 50000000 7200 19206 338 19544 19678
depl-nakbK9-6.xml 50000000 9000 20398 184 20582 20385
depl-nakbK9-6.xml 50000000 10800 22008 332 22340 20552
depl-8UsRp4-1.xml 50000000 1200 14702 11355 26057 23787
depl-8UsRp4-1.xml 50000000 1500 14218 8123 22341 20707
depl-8UsRp4-1.xml 50000000 1800 14271 5452 19723 18182
depl-8UsRp4-1.xml 50000000 2100 14273 3666 17939 16634
depl-8UsRp4-1.xml 50000000 2400 14794 2152 16946 15147
depl-8UsRp4-1.xml 50000000 2700 14657 1288 15945 14653
depl-8UsRp4-1.xml 50000000 3600 15235 1352 16587 15129
depl-8UsRp4-1.xml 50000000 4500 14821 1034 15855 15130
depl-8UsRp4-1.xml 50000000 5400 16713 1324 18037 16047
depl-8UsRp4-1.xml 50000000 6300 15413 127 15540 15461
depl-8UsRp4-1.xml 50000000 7200 15902 626 16528 17403
depl-8UsRp4-1.xml 50000000 9000 18893 1224 20117 20310
depl-8UsRp4-1.xml 50000000 10800 21802 1424 23226 19605
depl-8UsRp4-2.xml 50000000 1200 15184 12872 28056 25737
depl-8UsRp4-2.xml 50000000 1500 14689 8719 23408 21780
depl-8UsRp4-2.xml 50000000 1800 14469 5844 20313 18828
depl-8UsRp4-2.xml 50000000 2100 14479 4038 18517 17267
depl-8UsRp4-2.xml 50000000 2700 14868 1180 16048 14819
depl-8UsRp4-2.xml 50000000 4500 14961 906 15867 15230
depl-8UsRp4-2.xml 50000000 5400 16829 1285 18114 16449
depl-8UsRp4-2.xml 50000000 6300 15866 59 15925 15634
depl-8UsRp4-2.xml 50000000 7200 16950 353 17303 17903
depl-8UsRp4-2.xml 50000000 9000 18950 1289 20239 20679
depl-8UsRp4-2.xml 50000000 10800 21934 1748 23682 20552
depl-8UsRp4-3.xml 50000000 1200 15693 13457 29150 26562
depl-8UsRp4-3.xml 50000000 1500 15164 9884 25048 23211
depl-8UsRp4-3.xml 50000000 1800 15100 6739 21839 20118
depl-8UsRp4-3.xml 50000000 2100 15131 4625 19756 18149
depl-8UsRp4-3.xml 50000000 2400 15448 2874 18322 16626
depl-8UsRp4-3.xml 50000000 2700 15092 1152 16244 14936
depl-8UsRp4-3.xml 50000000 3600 15630 1088 16718 15423
depl-8UsRp4-3.xml 50000000 4500 15333 732 16065 15395
depl-8UsRp4-3.xml 50000000 5400 17057 1445 18502 17050
depl-8UsRp4-3.xml 50000000 6300 16408 122 16530 15797
depl-8UsRp4-3.xml 50000000 7200 16945 209 17154 18079
depl-8UsRp4-3.xml 50000000 9000 19057 1276 20333 21056
depl-8UsRp4-3.xml 50000000 10800 22062 1562 23624 21441
depl-8UsRp4-4.xml 50000000 1200 15433 12567 28000 25570
depl-8UsRp4-4.xml 50000000 1500 14939 8063 23002 21276
depl-8UsRp4-4.xml 50000000 1800 14742 5962 20704 19093
depl-8UsRp4-4.xml 50000000 2100 14616 4171 18787 17518
depl-8UsRp4-4.xml 50000000 2700 14972 1098 16070 14798
depl-8UsRp4-4.xml 50000000 3600 15544 1152 16696 15396
depl-8UsRp4-4.xml 50000000 4500 15086 795 15881 15229
depl-8UsRp4-4.xml 50000000 5400 16935 1412 18347 16789
depl-8UsRp4-4.xml 50000000 6300 16175 76 16251 15706
depl-8UsRp4-4.xml 50000000 7200 17055 495 17550 18300
depl-8UsRp4-4.xml 50000000 9000 18979 1272 20251 20843
depl-8UsRp4-4.xml 50000000 10800 21987 1772 23759 21171
depl-8UsRp4-5.xml 50000000 1200 14866 14673 29539 27156
depl-8UsRp4-5.xml 50000000 1500 14321 10406 24727 23040
depl-8UsRp4-5.xml 50000000 1800 14322 6891 21213 19682
depl-8UsRp4-5.xml 50000000 2100 14327 5263 19590 18290
depl-8UsRp4-5.xml 50000000 2700 14750 1504 16254 14945
depl-8UsRp4-5.xml 50000000 3600 15280 1533 16813 15381
depl-8UsRp4-5.xml 50000000 4500 14855 1165 16020 15321
depl-8UsRp4-5.xml 50000000 5400 16744 1808 18552 16577
depl-8UsRp4-5.xml 50000000 6300 15415 248 15663 15656
depl-8UsRp4-5.xml 50000000 7200 15904 837 16741 17636
depl-8UsRp4-5.xml 50000000 9000 18917 1555 20472 20684
depl-8UsRp4-5.xml 50000000 10800 21842 1845 23687 20085
depl-Csnpml-1.xml 50000000 1200 15956 13122 29078 27089
depl-Csnpml-1.xml 50000000 1500 15600 8895 24495 23030
depl-Csnpml-1.xml 50000000 1800 15668 5627 21295 19797
depl-Csnpml-1.xml 50000000 2100 15509 4043 19552 18421
depl-Csnpml-1.xml 50000000 2400 15744 2002 17746 16345
depl-Csnpml-1.xml 50000000 2700 16047 1950 17997 16713
depl-Csnpml-1.xml 50000000 3600 16422 1228 17650 16469
depl-Csnpml-1.xml 50000000 4500 16067 1153 17220 16651
depl-Csnpml-1.xml 50000000 5400 17840 1766 19606 17945
depl-Csnpml-1.xml 50000000 6300 15906 190 16096 16668
depl-Csnpml-1.xml 50000000 7200 16727 6656 23383 24613
depl-Csnpml-1.xml 50000000 9000 19678 1343 21021 21001
depl-Csnpml-1.xml 50000000 10800 22442 191 22633 19773
depl-Csnpml-2.xml 50000000 1200 16334 10321 26655 24688
depl-Csnpml-2.xml 50000000 1500 16146 6670 22816 21255
depl-Csnpml-2.xml 50000000 1800 16029 4061 20090 18737
depl-Csnpml-2.xml 50000000 2100 16233 2422 18655 17307
depl-Csnpml-2.xml 50000000 2400 16440 1601 18041 16656
depl-Csnpml-2.xml 50000000 2700 16238 743 16981 15878
depl-Csnpml-2.xml 50000000 3600 16713 650 17363 16342
depl-Csnpml-2.xml 50000000 4500 16790 354 17144 16251
depl-Csnpml-2.xml 50000000 5400 18200 1298 19498 18138
depl-Csnpml-2.xml 50000000 6300 19584 103 19687 16831
depl-Csnpml-2.xml 50000000 7200 16780 525 17305 18975
depl-Csnpml-2.xml 50000000 9000 19923 875 20798 21462
depl-Csnpml-2.xml 50000000 10800 22778 806 23584 21246
depl-Csnpml-3.xml 50000000 1200 16370 13716 30086 28061
depl-Csnpml-3.xml 50000000 1500 16017 9329 25346 23873
depl-Csnpml-3.xml 50000000 1800 15844 6038 21882 20516
depl-Csnpml-3.xml 50000000 2100 16070 3890 19960 18582
depl-Csnpml-3.xml 50000000 2400 16231 2794 19025 17746
depl-Csnpml-3.xml 50000000 2700 16227 1118 17345 16228
depl-Csnpml-3.xml 50000000 3600 16678 880 17558 16550
depl-Csnpml-3.xml 50000000 4500 16447 414 16861 16160
depl-Csnpml-3.xml 50000000 5400 18154 1549 19703 18306
depl-Csnpml-3.xml 50000000 6300 19201 173 19374 16901
depl-Csnpml-3.xml 50000000 9000 19904 1107 21011 21455
depl-Csnpml-3.xml 50000000 10800 22740 1054 23794 21112
depl-Csnpml-4.xml 50000000 1200 15994 10165 26159 24393
depl-Csnpml-4.xml 50000000 1500 15767 6158 21925 20564
depl-Csnpml-4.xml 50000000 1800 15627 3568 19195 17892
depl-Csnpml-4.xml 50000000 2100 15639 743 16382 15262
depl-Csnpml-4.xml 50000000 2400 16013 2475 18488 17251
depl-Csnpml-4.xml 50000000 2700 16056 809 16865 15795
depl-Csnpml-4.xml 50000000 3600 16543 752 17295 16323
depl-Csnpml-4.xml 50000000 4500 16302 72 16374 15721
depl-Csnpml-4.xml 50000000 5400 18035 1407 19442 17982
depl-Csnpml-4.xml 50000000 6300 19107 151 19258 16783
depl-Csnpml-4.xml 50000000 7200 16720 486 17206 18706
depl-Csnpml-4.xml 50000000 9000 19824 917 20741 21114
depl-Csnpml-4.xml 50000000 10800 22646 104 22750 19838
depl-Csnpml-5.xml 50000000 1200 15792 11006 26798 24944
depl-Csnpml-5.xml 50000000 1500 15549 7098 22647 21211
depl-Csnpml-5.xml 50000000 1800 15580 4202 19782 18328
depl-Csnpml-5.xml 50000000 2100 15443 2718 18161 17057
depl-Csnpml-5.xml 50000000 2400 15735 1264 16999 15644
depl-Csnpml-5.xml 50000000 2700 16022 1098 17120 15844
depl-Csnpml-5.xml 50000000 4500 16036 463 16499 15906
depl-Csnpml-5.xml 50000000 5400 17876 1367 19243 17563
depl-Csnpml-5.xml 50000000 6300 16109 101 16210 16559
depl-Csnpml-5.xml 50000000 7200 16691 7601 24292 25359
depl-Csnpml-5.xml 50000000 9000 19705 1098 20803 20810
depl-Csnpml-5.xml 50000000 10800 22469 158 22627 19802
depl-kR7SpH-1.xml 50000000 1200 13965 13060 27025 24731
depl-kR7SpH-1.xml 50000000 1500 13393 9360 22753 21223
depl-kR7SpH-1.xml 50000000 1800 13495 6357 19852 18317
depl-kR7SpH-1.xml 50000000 2100 13243 4761 18004 16884
depl-kR7SpH-1.xml 50000000 2400 13393 2782 16175 15050
depl-kR7SpH-1.xml 50000000 2700 13757 2526 16283 14931
depl-kR7SpH-1.xml 50000000 3600 14569 1132 15701 13686
depl-kR7SpH-1.xml 50000000 4500 14001 1312 15313 14105
depl-kR7SpH-1.xml 50000000 5400 14553 381 14934 14092
depl-kR7SpH-1.xml 50000000 6300 14759 403 15162 15010
depl-kR7SpH-1.xml 50000000 7200 15610 1250 16860 16540
depl-kR7SpH-1.xml 50000000 9000 18281 1272 19553 17161
depl-kR7SpH-1.xml 50000000 10800 21665 390 22055 17896
depl-kR7SpH-2.xml 50000000 1200 13775 13254 27029 24796
depl-kR7SpH-2.xml 50000000 1500 13113 9498 22611 21151
depl-kR7SpH-2.xml 50000000 1800 13338 6257 19595 18090
depl-kR7SpH-2.xml 50000000 2100 13150 4839 17989 16854
depl-kR7SpH-2.xml 50000000 2700 13619 2092 15711 14380
depl-kR7SpH-2.xml 50000000 3600 13674 323 13997 13022
depl-kR7SpH-2.xml 50000000 4500 13945 1521 15466 14156
depl-kR7SpH-2.xml 50000000 5400 14441 109 14550 13616
depl-kR7SpH-2.xml 50000000 6300 14641 539 15180 14977
depl-kR7SpH-2.xml 50000000 7200 15422 799 16221 15790
depl-kR7SpH-2.xml 50000000 9000 18252 1192 19444 16972
depl-kR7SpH-2.xml 50000000 10800 14787 156 14943 17583
depl-kR7SpH-4.xml 50000000 1200 13632 13275 26907 24778
depl-kR7SpH-4.xml 50000000 1500 13045 9384 22429 21004
depl-kR7SpH-4.xml 50000000 1800 13301 6479 19780 18278
depl-kR7SpH-4.xml 50000000 2100 13122 4899 18021 16886
depl-kR7SpH-4.xml 50000000 2700 13609 962 14571 13214
depl-kR7SpH-4.xml 50000000 3600 13673 343 14016 13004
depl-kR7SpH-4.xml 50000000 4500 13935 1199 15134 13798
depl-kR7SpH-4.xml 50000000 5400 14346 69 14415 13533
depl-kR7SpH-4.xml 50000000 6300 14646 457 15103 14895
depl-kR7SpH-4.xml 50000000 7200 15303 963 16266 15793
depl-kR7SpH-4.xml 50000000 9000 18244 1498 19742 17251
depl-kR7SpH-4.xml 50000000 10800 14787 141 14928 17563
depl-kR7SpH-5.xml 50000000 1200 14253 15173 29426 27087
depl-kR7SpH-5.xml 50000000 1500 13665 11015 24680 23117
depl-kR7SpH-5.xml 50000000 1800 13573 7741 21314 19822
depl-kR7SpH-5.xml 50000000 2100 13361 5930 19291 18166
depl-kR7SpH-5.xml 50000000 2700 13858 2983 16841 15504
depl-kR7SpH-5.xml 50000000 3600 14593 1488 16081 14449
depl-kR7SpH-5.xml 50000000 4500 14157 1405 15562 14562
depl-kR7SpH-5.xml 50000000 5400 14673 409 15082 14353
depl-kR7SpH-5.xml 50000000 6300 14916 740 15656 15500
depl-kR7SpH-5.xml 50000000 7200 15738 862 16600 16351
depl-kR7SpH-5.xml 50000000 9000 18306 1350 19656 17319
depl-kR7SpH-5.xml 50000000 10800 21701 652 22353 18264
depl-kR7SpH-6.xml 50000000 1200 14805 13617 28422 25961
depl-kR7SpH-6.xml 50000000 1500 14175 9672 23847 22166
depl-kR7SpH-6.xml 50000000 1800 14092 6641 20733 19193
depl-kR7SpH-6.xml 50000000 2100 13907 4854 18761 17594
depl-kR7SpH-6.xml 50000000 2400 14474 2804 17278 15712
depl-kR7SpH-6.xml 50000000 2700 14064 3045 17109 15755
depl-kR7SpH-6.xml 50000000 3600 14823 1634 16457 14916
depl-kR7SpH-6.xml 50000000 4500 14948 942 15890 14851
depl-kR7SpH-6.xml 50000000 5400 16375 1309 17684 15544
depl-kR7SpH-6.xml 50000000 6300 15221 503 15724 15535
depl-kR7SpH-6.xml 50000000 7200 16143 339 16482 16322
depl-kR7SpH-6.xml 50000000 9000 18340 1151 19491 17425
depl-kR7SpH-6.xml 50000000 10800 21752 1028 22780 18983
depl-OOGV0x-1.xml 50000000 1200 17912 12639 30551 28884
depl-OOGV0x-1.xml 50000000 1500 17622 7964 25586 24314
depl-OOGV0x-1.xml 50000000 1800 17795 4746 22541 21211
depl-OOGV0x-1.xml 50000000 2100 17819 2777 20596 19426
depl-OOGV0x-1.xml 50000000 2400 17792 2680 20472 19372
depl-OOGV0x-1.xml 50000000 2700 17703 648 18351 17541
depl-OOGV0x-1.xml 50000000 3600 17908 730 18638 18008
depl-OOGV0x-1.xml 50000000 4500 19262 728 19990 18532
depl-OOGV0x-1.xml 50000000 5400 19147 754 19901 19475
depl-OOGV0x-1.xml 50000000 6300 20577 310 20887 19614
depl-OOGV0x-1.xml 50000000 7200 18165 219 18384 19792
depl-OOGV0x-1.xml 50000000 9000 20852 757 21609 22715
depl-OOGV0x-1.xml 50000000 10800 23847 194 24041 23169
depl-OOGV0x-2.xml 50000000 1200 17917 10809 28726 27222
depl-OOGV0x-2.xml 50000000 1500 17644 6520 24164 22999
depl-OOGV0x-2.xml 50000000 1800 17812 3566 21378 20203
depl-OOGV0x-2.xml 50000000 2100 17875 2437 20312 19251
depl-OOGV0x-2.xml 50000000 2400 17784 1735 19519 18569
depl-OOGV0x-2.xml 50000000 2700 17946 400 18346 17580
depl-OOGV0x-2.xml 50000000 3600 17976 211 18187 17615
depl-OOGV0x-2.xml 50000000 4500 19349 740 20089 18796
depl-OOGV0x-2.xml 50000000 5400 19175 592 19767 19522
depl-OOGV0x-2.xml 50000000 6300 20613 292 20905 19795
depl-OOGV0x-2.xml 50000000 7200 18217 107 18324 19757
depl-OOGV0x-2.xml 50000000 9000 20853 664 21517 22736
depl-OOGV0x-2.xml 50000000 10800 23858 73 23931 23086
depl-OOGV0x-3.xml 50000000 1200 18466 9663 28129 26521
depl-OOGV0x-3.xml 50000000 1500 18390 5586 23976 22680
depl-OOGV0x-3.xml 50000000 1800 18292 2878 21170 20127
depl-OOGV0x-3.xml 50000000 2100 18308 1306 19614 18615
depl-OOGV0x-3.xml 50000000 2400 18321 855 19176 18367
depl-OOGV0x-3.xml 50000000 2700 18836 1316 20152 19131
depl-OOGV0x-3.xml 50000000 3600 19007 129 19136 18033
depl-OOGV0x-3.xml 50000000 4500 20085 93 20178 18928
depl-OOGV0x-3.xml 50000000 5400 19321 398 19719 19744
depl-OOGV0x-3.xml 50000000 6300 21300 654 21954 20761
depl-OOGV0x-3.xml 50000000 7200 22177 176 22353 20122
depl-OOGV0x-3.xml 50000000 9000 20953 537 21490 23385
depl-OOGV0x-3.xml 50000000 10800 24060 910 24970 24899
depl-OOGV0x-4.xml 50000000 1200 17421 7735 25156 23825
depl-OOGV0x-4.xml 50000000 1500 17284 4059 21343 20300
depl-OOGV0x-4.xml 50000000 1800 17467 2097 19564 18462
depl-OOGV0x-4.xml 50000000 2100 17589 1590 19179 18145
depl-OOGV0x-4.xml 50000000 2400 17600 1293 18893 17953
depl-OOGV0x-4.xml 50000000 2700 17457 524 17981 17241
depl-OOGV0x-4.xml 50000000 3600 17600 276 17876 17503
depl-OOGV0x-4.xml 50000000 4500 18817 81 18898 17522
depl-OOGV0x-4.xml 50000000 5400 19049 580 19629 19206
depl-OOGV0x-4.xml 50000000 6300 20333 185 20518 19157
depl-OOGV0x-4.xml 50000000 7200 18013 53 18066 19491
depl-OOGV0x-4.xml 50000000 9000 20798 586 21384 22413
depl-OOGV0x-4.xml 50000000 10800 23732 47 23779 22917
depl-OOGV0x-5.xml 50000000 1200 18279 12209 30488 28741
depl-OOGV0x-5.xml 50000000 1500 17897 7723 25620 24356
depl-OOGV0x-5.xml 50000000 1800 17998 4602 22600 21362
depl-OOGV0x-5.xml 50000000 2100 18085 2700 20785 19671
depl-OOGV0x-5.xml 50000000 2400 18023 1764 19787 18770
depl-OOGV0x-5.xml 50000000 2700 18414 957 19371 18315
depl-OOGV0x-5.xml 50000000 3600 18239 118 18357 17585
depl-OOGV0x-5.xml 50000000 4500 19594 481 20075 18844
depl-OOGV0x-5.xml 50000000 5400 19246 628 19874 19690
depl-OOGV0x-5.xml 50000000 6300 20922 146 21068 19826
depl-OOGV0x-5.xml 50000000 7200 18283 158 18441 19842
depl-OOGV0x-5.xml 50000000 9000 20897 690 21587 23026
depl-OOGV0x-5.xml 50000000 10800 23964 891 24855 24154
depl-iruOv0-2.xml 50000000 1200 22951 11857 34808 32687
depl-iruOv0-2.xml 50000000 1500 22704 7231 29935 28268
depl-iruOv0-2.xml 50000000 1800 22756 4085 26841 25201
depl-iruOv0-2.xml 50000000 2100 22882 2510 25392 23944
depl-iruOv0-2.xml 50000000 2400 22849 1018 23867 22487
depl-iruOv0-2.xml 50000000 2700 23096 2062 25158 23722
depl-iruOv0-2.xml 50000000 4500 23821 522 24343 23020
depl-iruOv0-2.xml 50000000 5400 23953 196 24149 23188
depl-iruOv0-2.xml 50000000 6300 24773 533 25306 23937
depl-iruOv0-2.xml 50000000 7200 25236 356 25592 24765
depl-iruOv0-2.xml 50000000 9000 26458 149 26607 25960
depl-iruOv0-2.xml 50000000 10800 27132 160 27292 27702
depl-iruOv0-3.xml 50000000 1200 24051 11055 35106 32824
depl-iruOv0-3.xml 50000000 1500 23794 6295 30089 28258
depl-iruOv0-3.xml 50000000 1800 23862 3366 27228 25452
depl-iruOv0-3.xml 50000000 2100 24174 1866 26040 24397
depl-iruOv0-3.xml 50000000 2400 24042 1727 25769 24123
depl-iruOv0-3.xml 50000000 2700 24000 1545 25545 24055
depl-iruOv0-3.xml 50000000 3600 24162 271 24433 23298
depl-iruOv0-3.xml 50000000 4500 25154 208 25362 23831
depl-iruOv0-3.xml 50000000 5400 25237 124 25361 24098
depl-iruOv0-3.xml 50000000 6300 25424 114 25538 24132
depl-iruOv0-3.xml 50000000 7200 26405 203 26608 25346
depl-iruOv0-3.xml 50000000 9000 27829 326 28155 27068
depl-iruOv0-3.xml 50000000 10800 28411 78 28489 28568
depl-iruOv0-5.xml 50000000 1200 23672 12423 36095 33794
depl-iruOv0-5.xml 50000000 1500 23371 7459 30830 29017
depl-iruOv0-5.xml 50000000 1800 23481 4174 27655 25869
depl-iruOv0-5.xml 50000000 2100 23259 2662 25921 24559
depl-iruOv0-5.xml 50000000 2400 23338 2728 26066 24703
depl-iruOv0-5.xml 50000000 2700 23436 1614 25050 23712
depl-iruOv0-5.xml 50000000 4500 24368 245 24613 23401
depl-iruOv0-5.xml 50000000 5400 24606 178 24784 23784
depl-iruOv0-5.xml 50000000 6300 25023 317 25340 24130
depl-iruOv0-5.xml 50000000 7200 25670 100 25770 24818
depl-iruOv0-5.xml 50000000 9000 27172 85 27257 26217
depl-iruOv0-5.xml 50000000 10800 27519 165 27684 28142
depl-iruOv0-6.xml 50000000 1200 23251 8464 31715 29844
depl-iruOv0-6.xml 50000000 1500 22811 4491 27302 25869
depl-iruOv0-6.xml 50000000 1800 22982 2081 25063 23548
depl-iruOv0-6.xml 50000000 2100 22887 935 23822 22669
depl-iruOv0-6.xml 50000000 2700 23128 738 23866 22678
depl-iruOv0-6.xml 50000000 3600 23299 496 23795 22939
depl-iruOv0-6.xml 50000000 4500 23966 335 24301 23228
depl-iruOv0-6.xml 50000000 5400 24117 166 24283 23526
depl-iruOv0-6.xml 50000000 6300 24853 250 25103 23900
depl-iruOv0-6.xml 50000000 7200 25303 111 25414 24742
depl-iruOv0-6.xml 50000000 9000 26619 95 26714 26015
depl-iruOv0-6.xml 50000000 10800 27146 132 27278 27803
depl-iruOv0-7.xml 50000000 1200 23593 10140 33733 31418
depl-iruOv0-7.xml 50000000 1500 23362 5542 28904 26949
depl-iruOv0-7.xml 50000000 2100 23272 1209 24481 22949
depl-iruOv0-7.xml 50000000 2400 24328 2530 26858 23983
depl-iruOv0-7.xml 50000000 2700 23461 752 24213 22710
depl-iruOv0-7.xml 50000000 3600 24975 2090 27065 24766
depl-iruOv0-7.xml 50000000 4500 24757 99 24856 23123
depl-iruOv0-7.xml 50000000 5400 24771 326 25097 23774
depl-iruOv0-7.xml 50000000 6300 25008 245 25253 23895
depl-iruOv0-7.xml 50000000 7200 26158 136 26294 24758
depl-iruOv0-7.xml 50000000 9000 27378 67 27445 26413
depl-iruOv0-7.xml 50000000 10800 27690 98 27788 28245
depl-XQQk6A-1.xml 50000000 1200 23711 11859 35570 32760
depl-XQQk6A-1.xml 50000000 1500 23440 6978 30418 28036
depl-XQQk6A-1.xml 50000000 2100 23334 2565 25899 23954
depl-XQQk6A-1.xml 50000000 2700 23625 1266 24891 22862
depl-XQQk6A-1.xml 50000000 3600 23723 1006 24729 23032
depl-XQQk6A-1.xml 50000000 4500 25006 856 25862 23433
depl-XQQk6A-1.xml 50000000 5400 24840 402 25242 23390
depl-XQQk6A-1.xml 50000000 6300 25041 499 25540 23903
depl-XQQk6A-1.xml 50000000 7200 26392 108 26500 24514
depl-XQQk6A-1.xml 50000000 9000 26796 102 26898 26561
depl-XQQk6A-1.xml 50000000 10800 27359 215 27574 28328
depl-XQQk6A-2.xml 50000000 1200 22917 10835 33752 31356
depl-XQQk6A-2.xml 50000000 1500 22710 6279 28989 26988
depl-XQQk6A-2.xml 50000000 1800 22890 3248 26138 24072
depl-XQQk6A-2.xml 50000000 2100 22838 2392 25230 23481
depl-XQQk6A-2.xml 50000000 2400 22923 1598 24521 22793
depl-XQQk6A-2.xml 50000000 2700 23074 816 23890 22110
depl-XQQk6A-2.xml 50000000 3600 23721 583 24304 22247
depl-XQQk6A-2.xml 50000000 4500 24196 332 24528 22560
depl-XQQk6A-2.xml 50000000 5400 24050 214 24264 22799
depl-XQQk6A-2.xml 50000000 6300 24796 435 25231 23624
depl-XQQk6A-2.xml 50000000 7200 25117 129 25246 24213
depl-XQQk6A-2.xml 50000000 9000 25783 104 25887 26118
depl-XQQk6A-2.xml 50000000 10800 27100 283 27383 28007
depl-XQQk6A-3.xml 50000000 1200 72340 782 73122 59069
depl-XQQk6A-3.xml 50000000 1500 71956 239 72195 58624
depl-XQQk6A-3.xml 50000000 1800 23744 3423 27167 24700
depl-XQQk6A-3.xml 50000000 2100 23559 2379 25938 23918
depl-XQQk6A-3.xml 50000000 2400 23798 1789 25587 23402
depl-XQQk6A-3.xml 50000000 2700 23942 315 24257 22070
depl-XQQk6A-3.xml 50000000 3600 23932 478 24410 22616
depl-XQQk6A-3.xml 50000000 4500 25165 700 25865 23445
depl-XQQk6A-3.xml 50000000 5400 25057 188 25245 23360
depl-XQQk6A-3.xml 50000000 6300 25178 408 25586 23930
depl-XQQk6A-3.xml 50000000 7200 26505 483 26988 25097
depl-XQQk6A-3.xml 50000000 9000 27050 204 27254 26803
depl-XQQk6A-3.xml 50000000 10800 27521 243 27764 28565
depl-XQQk6A-6.xml 50000000 1200 37315 1474 38789 32874
depl-XQQk6A-6.xml 50000000 1500 65086 369 65455 53885
depl-XQQk6A-6.xml 50000000 1800 22305 3223 25528 23628
depl-XQQk6A-6.xml 50000000 2100 22580 1486 24066 22269
depl-XQQk6A-6.xml 50000000 2400 22475 1523 23998 22256
depl-XQQk6A-6.xml 50000000 2700 22742 1308 24050 22208
depl-XQQk6A-6.xml 50000000 3600 23284 1030 24314 22464
depl-XQQk6A-6.xml 50000000 4500 23795 752 24547 22490
depl-XQQk6A-6.xml 50000000 5400 23461 336 23797 22552
depl-XQQk6A-6.xml 50000000 6300 24641 354 24995 23230
depl-XQQk6A-6.xml 50000000 7200 24458 201 24659 23744
depl-XQQk6A-6.xml 50000000 9000 25369 263 25632 26145
depl-XQQk6A-6.xml 50000000 10800 27026 251 27277 27904
depl-XQQk6A-7.xml 50000000 1200 23736 11325 35061 32148
depl-XQQk6A-7.xml 50000000 1500 23442 6484 29926 27463
depl-XQQk6A-7.xml 50000000 1800 23622 3340 26962 24399
depl-XQQk6A-7.xml 50000000 2100 23313 2481 25794 23785
depl-XQQk6A-7.xml 50000000 2400 24197 2200 26397 23679
depl-XQQk6A-7.xml 50000000 2700 23605 1745 25350 23249
depl-XQQk6A-7.xml 50000000 3600 24459 342 24801 22455
depl-XQQk6A-7.xml 50000000 4500 25026 321 25347 22800
depl-XQQk6A-7.xml 50000000 5400 24869 146 25015 23050
depl-XQQk6A-7.xml 50000000 6300 25043 334 25377 23660
depl-XQQk6A-7.xml 50000000 7200 26409 116 26525 24491
depl-XQQk6A-7.xml 50000000 9000 26818 116 26934 26630
depl-XQQk6A-7.xml 50000000 10800 27350 269 27619 28337
depl-77yTz2-2.xml 50000000 12600 16060 243 16303 20514
depl-77yTz2-2.xml 50000000 14400 17575 485 18060 23270
depl-77yTz2-3.xml 50000000 12600 15995 219 16214 20466
depl-77yTz2-3.xml 50000000 14400 17530 371 17901 23130
depl-77yTz2-4.xml 50000000 12600 16044 245 16289 20520
depl-77yTz2-4.xml 50000000 14400 17565 487 18052 23275
depl-77yTz2-6.xml 50000000 12600 16062 273 16335 20555
depl-77yTz2-6.xml 50000000 14400 17577 524 18101 23319
depl-77yTz2-7.xml 50000000 12600 18347 209 18556 20674
depl-77yTz2-7.xml 50000000 14400 17611 464 18075 23303
depl-azRwjW-1.xml 50000000 12600 14707 401 15108 20089
depl-azRwjW-1.xml 50000000 14400 16360 418 16778 22694
depl-azRwjW-2.xml 50000000 12600 15109 213 15322 19959
depl-azRwjW-2.xml 50000000 14400 16428 493 16921 22818
depl-azRwjW-3.xml 50000000 12600 14688 286 14974 19971
depl-azRwjW-3.xml 50000000 14400 16341 430 16771 22702
depl-azRwjW-4.xml 50000000 12600 14713 287 15000 19986
depl-azRwjW-4.xml 50000000 14400 16355 378 16733 22665
depl-azRwjW-5.xml 50000000 12600 14644 423 15067 20086
depl-azRwjW-5.xml 50000000 14400 16273 569 16842 22810
depl-nakbK9-1.xml 50000000 12600 25284 194 25478 22438
depl-nakbK9-1.xml 50000000 14400 20219 233 20452 24683
depl-nakbK9-2.xml 50000000 12600 19658 251 19909 22181
depl-nakbK9-2.xml 50000000 14400 20119 163 20282 24506
depl-nakbK9-4.xml 50000000 12600 18505 176 18681 21972
depl-nakbK9-4.xml 50000000 14400 19878 139 20017 24381
depl-nakbK9-5.xml 50000000 12600 25361 342 25703 22757
depl-nakbK9-5.xml 50000000 14400 20270 209 20479 24699
depl-nakbK9-6.xml 50000000 12600 19597 264 19861 22147
depl-nakbK9-6.xml 50000000 14400 20008 154 20162 24461
depl-8UsRp4-1.xml 50000000 12600 16158 76 16234 19894
depl-8UsRp4-1.xml 50000000 14400 17069 184 17253 22538
depl-8UsRp4-2.xml 50000000 12600 22635 75 22710 19970
depl-8UsRp4-2.xml 50000000 14400 17199 137 17336 22525
depl-8UsRp4-3.xml 50000000 12600 22829 185 23014 20274
depl-8UsRp4-3.xml 50000000 14400 17484 77 17561 22506
depl-8UsRp4-4.xml 50000000 12600 22754 92 22846 20084
depl-8UsRp4-4.xml 50000000 14400 17315 119 17434 22530
depl-8UsRp4-5.xml 50000000 12600 16158 105 16263 19920
depl-8UsRp4-5.xml 50000000 14400 17069 133 17202 22493
depl-Csnpml-1.xml 50000000 12600 20668 382 21050 21689
depl-Csnpml-1.xml 50000000 14400 17359 123 17482 23296
depl-Csnpml-2.xml 50000000 12600 20904 165 21069 21728
depl-Csnpml-2.xml 50000000 14400 21989 255 22244 23614
depl-Csnpml-3.xml 50000000 12600 20752 174 20926 21596
depl-Csnpml-3.xml 50000000 14400 18316 87 18403 23290
depl-Csnpml-4.xml 50000000 12600 20695 166 20861 21555
depl-Csnpml-4.xml 50000000 14400 17901 75 17976 23271
depl-Csnpml-5.xml 50000000 12600 20673 312 20985 21654
depl-Csnpml-5.xml 50000000 14400 17660 76 17736 23262
depl-kR7SpH-1.xml 50000000 12600 15409 277 15686 19995
depl-kR7SpH-1.xml 50000000 14400 16920 348 17268 22563
depl-kR7SpH-2.xml 50000000 12600 15378 384 15762 20080
depl-kR7SpH-2.xml 50000000 14400 16906 376 17282 22567
depl-kR7SpH-4.xml 50000000 12600 15378 357 15735 20056
depl-kR7SpH-4.xml 50000000 14400 16910 523 17433 22723
depl-kR7SpH-5.xml 50000000 12600 15457 317 15774 20049
depl-kR7SpH-5.xml 50000000 14400 16960 493 17453 22723
depl-kR7SpH-6.xml 50000000 12600 16260 347 16607 20200
depl-kR7SpH-6.xml 50000000 14400 17108 351 17459 22660
depl-OOGV0x-1.xml 50000000 12600 26208 595 26803 23178
depl-OOGV0x-1.xml 50000000 14400 21920 82 22002 23720
depl-OOGV0x-2.xml 50000000 12600 26285 511 26796 23313
depl-OOGV0x-2.xml 50000000 14400 24857 77 24934 23741
depl-OOGV0x-3.xml 50000000 12600 26514 371 26885 24557
depl-OOGV0x-3.xml 50000000 14400 28996 106 29102 24061
depl-OOGV0x-4.xml 50000000 12600 26001 115 26116 22352
depl-OOGV0x-4.xml 50000000 14400 18254 46 18300 23652
depl-OOGV0x-5.xml 50000000 12600 26387 521 26908 23970
depl-OOGV0x-5.xml 50000000 14400 25210 110 25320 23881
depl-iruOv0-2.xml 50000000 12600 28491 204 28695 29018
depl-iruOv0-2.xml 50000000 14400 29743 434 30177 28650
depl-iruOv0-3.xml 50000000 12600 29259 102 29361 29607
depl-iruOv0-3.xml 50000000 14400 30650 102 30752 30566
depl-iruOv0-5.xml 50000000 12600 28902 137 29039 29390
depl-iruOv0-5.xml 50000000 14400 30215 115 30330 29684
depl-iruOv0-6.xml 50000000 12600 28698 57 28755 29156
depl-iruOv0-6.xml 50000000 14400 29801 284 30085 28825
depl-iruOv0-7.xml 50000000 12600 28943 138 29081 29379
depl-iruOv0-7.xml 50000000 14400 30464 167 30631 30104
depl-XQQk6A-1.xml 50000000 12600 28921 269 29190 29537
depl-XQQk6A-1.xml 50000000 14400 30654 368 31022 30451
depl-XQQk6A-2.xml 50000000 12600 28771 400 29171 29471
depl-XQQk6A-2.xml 50000000 14400 30521 400 30921 29949
depl-XQQk6A-3.xml 50000000 12600 28999 227 29226 29641
depl-XQQk6A-3.xml 50000000 14400 30686 341 31027 30514
depl-XQQk6A-6.xml 50000000 12600 28696 162 28858 29106
depl-XQQk6A-6.xml 50000000 14400 30397 310 30707 29530
depl-XQQk6A-7.xml 50000000 12600 28922 269 29191 29508
depl-XQQk6A-7.xml 50000000 14400 30696 284 30980 30340
